1999.846765704252   000.0000000000000
1999.847186582795   300.002
1999.8681779001333  300.001
1999.911528390075   300.002
1999.9556154174672  300.001
1999.956141515646   300.002
1999.957667200365   300.001
1999.9590876654481  300.002
1999.982656863863   300.001
1999.984024719128   300.002
2000.028795674153   300.001
2000.1436955164254  300.002
2000.1667386166614  300.001
2000.212140889501   300.002
2000.212982646587   300.001
2000.2572801132508  300.002
2000.2794814564006  300.001
2000.3235684837928  300.002
2000.3461907054857  300.001
2000.3682342191817  300.002
2000.411742538577   300.001
2000.4776100305758  300.002
2000.5214340088785  300.001
2000.6087663065766  300.002
2000.6962038239105  300.001
2000.7615978275483  300.002
2000.8052113665794  300.001
2000.8490353448822  300.002
2000.9142715190662  300.001
2000.935894154219   300.002
2000.9794024736145  300.001
